1  -2.466  41.784  1036.1  0  0  0  0
0  -25.56  42.06  1037.1  0  0  0  0
0  431834.729  3896023.910  1261.736  0.002194288 0.0007837270  -0.01758355  1036
0  432224.292  3896015.360  1266.845  0.001888322  0.0006727930  -0.005601195  1037
2  28.284  22.818  1036.2  0  0  0  0
0  4.962  22.782  1037.2  0  0  0  0
0  -18.288  22.68  1038.2  0  0  0  0
0  431834.729  3896023.910  1261.736  0.002194288 0.0007837270  -0.01758355  1036
0  432224.292  3896015.360  1266.845  0.001888322  0.0006727930  -0.005601195  1037
0  432616.141  3896018.089  1269.803  0.001182511  0.0007234885  0.007524145  1038
3  24.33  25.464  1037.3  0  0  0  0
0  1.188  25.11  1038.3  0  0  0  0
0  432224.292  3896015.360  1266.845  0.001888322  0.0006727930  -0.005601195  1037
0  432616.141  3896018.089  1269.803  0.001182511  0.0007234885  0.007524145  1038
4  -0.798  -0.138  1036.4  0  0  0  0
0  -24.342  0.27  1037.4  0  0  0  0
0  431834.729  3896023.910  1261.736  0.002194288 0.0007837270  -0.01758355  1036
0  432224.292  3896015.360  1266.845  0.001888322  0.0006727930  -0.005601195  1037
5  30.324  -3.252  1036.5  0  0  0  0
0  6.312  -3.21  1037.5  0  0  0  0
0  -17.658  -3.264  1038.5  0  0  0  0
0  431834.729  3896023.910  1261.736  0.002194288 0.0007837270  -0.01758355  1036
0  432224.292  3896015.360  1266.845  0.001888322  0.0006727930  -0.005601195  1037
0  432616.141  3896018.089  1269.803  0.001182511  0.0007234885  0.007524145  1038
6  24.51  -5.346  1037.6  0  0  0  0
0  0.51  -5.646  1038.6  0  0  0  0
0  432224.292  3896015.360  1266.845  0.001888322  0.0006727930  -0.005601195  1037
0  432616.141  3896018.089  1269.803  0.001182511  0.0007234885  0.007524145  1038
7  5.238  -29.178  1036.7  0  0  0  0
0  -18.264  -28.74  1037.7  0  0  0  0
0  -6.528  41.718  2036.7  0  0  0  0
0  -31.284  41.16  2037.7  0  0  0  0
0  431834.729  3896023.910  1261.736  0.002194288 0.0007837270  -0.01758355  1036
0  432224.292  3896015.360  1266.845  0.001888322  0.0006727930  -0.005601195  1037
0  432028.494  3894841.515  1273.147  -0.005528028  0.0007792605  -0.01138808  2036
0  432438.565  3894841.049  1274.012  -0.005785603  0.0003784038  -0.01880947  2037
8  32.454  -44.106  1036.8  0  0  0  0
0  8.394  -43.932  1037.8  0  0  0  0
0  -15.672  -43.938  1038.8  0  0  0  0
0  20.052  26.7  2036.8  0  0  0  0
0  -4.668  26.376  2037.8  0  0  0  0
0  -28.488  26.706  2038.8  0  0  0  0
0  431834.729  3896023.910  1261.736  0.002194288 0.0007837270  -0.01758355  1036
0  432224.292  3896015.360  1266.845  0.001888322  0.0006727930  -0.005601195  1037
0  432616.141  3896018.089  1269.803  0.001182511  0.0007234885  0.007524145  1038
0  432028.494  3894841.515  1273.147  -0.005528028  0.0007792605  -0.01138808  2036
0  432438.565  3894841.049  1274.012  -0.005785603  0.0003784038  -0.01880947  2037
0  432847.537  3894836.718  1272.414  -0.006604103  0.0005394704  0.0007619388  2038
9  26.364  -42.642  1037.9  0  0  0  0
0  2.322  -42.882  1038.9  0  0  0  0
0  13.206  27.834  2037.9  0  0  0  0
0  -10.608  27.81  2038.9  0  0  0  0
0  432224.292  3896015.360  1266.845  0.001888322  0.0006727930  -0.005601195  1037
0  432616.141  3896018.089  1269.803  0.001182511  0.0007234885  0.007524145  1038
0  432438.565  3894841.049  1274.012  -0.005785603  0.0003784038  -0.01880947  2037
0  432847.537  3894836.718  1272.414  -0.006604103  0.0005394704  0.0007619388  2038
10  -5.646  3.138  2036.10  0  0  0  0
0  -30.33  3.786  2037.10  0  0  0  0
0  432028.494  3894841.515  1273.147  -0.005528028  0.0007792605  -0.01138808  2036
0  432438.565  3894841.049  1274.012  -0.005785603  0.0003784038  -0.01880947  2037
11  22.05  -10.002  2036.11  0  0  0  0
0  -2.376  -10.212  2037.11  0  0  0  0
0  -26.886  -9.888  2038.11  0  0  0  0
0  432028.494  3894841.515  1273.147  -0.005528028  0.0007792605  -0.01138808  2036
0  432438.565  3894841.049  1274.012  -0.005785603  0.0003784038  -0.01880947  2037
0  432847.537  3894836.718  1272.414  -0.006604103  0.0005394704  0.0007619388  2038
12  20.712  -7.41  2037.12  0  0  0  0
0  -3.786  -7.536  2038.12  0  0  0  0
0  432438.565  3894841.049  1274.012  -0.005785603  0.0003784038  -0.01880947  2037
0  432847.537  3894836.718  1272.414  -0.006604103  0.0005394704  0.0007619388  2038
13  -6.168  -37.128  2036.13  0  0  0  0
0  -30.306  -37.464  2037.13  0  0  0  0
0  432028.494  3894841.515  1273.147  -0.005528028  0.0007792605  -0.01138808  2036
0  432438.565  3894841.049  1274.012  -0.005785603  0.0003784038  -0.01880947  2037
14  23.574  -40.998  2036.14  0  0  0  0
0  -0.678  -41.1  2037.14  0  0  0  0
0  -25.854  -40.776  2038.14  0  0  0  0
0  432028.494  3894841.515  1273.147  -0.005528028  0.0007792605  -0.01138808  2036
0  432438.565  3894841.049  1274.012  -0.005785603  0.0003784038  -0.01880947  2037
0  432847.537  3894836.718  1272.414  -0.006604103  0.0005394704  0.0007619388  2038
15  29.22  -47.64  2037.15  0  0  0  0
0  3.936  -47.904  2038.15  0  0  0  0
0  432438.565  3894841.049  1274.012  -0.005785603  0.0003784038  -0.01880947  2037
0  432847.537  3894836.718  1272.414  -0.006604103  0.0005394704  0.0007619388  2038
